0 0.405033 0.092678 0.010000 0.010000 0.405033 0.092678
0 0.503588 0.093502 0.010000 0.010000 0.503588 0.093502
0 0.402667 0.180553 0.010000 0.010000 0.402667 0.180553
0 0.803542 0.272622 0.010000 0.010000 0.803542 0.272622
0 0.505898 0.272167 0.010000 0.010000 0.505898 0.272167
0 0.607305 0.272303 0.010000 0.010000 0.607305 0.272303
0 0.309262 0.535731 0.010000 0.010000 0.309262 0.535731
0 0.611592 0.631720 0.010000 0.010000 0.611592 0.631720
0 0.408754 0.718735 0.010000 0.010000 0.408754 0.718735
0 0.509928 0.715676 0.010000 0.010000 0.509928 0.715676
0 0.615934 0.096310 0.010000 0.010000 0.615934 0.096310
0 0.614722 0.360265 0.010000 0.010000 0.614722 0.360265
0 0.115293 0.538180 0.010000 0.010000 0.115293 0.538180
0 0.614506 0.631750 0.010000 0.010000 0.614506 0.631750
0 0.511556 0.719321 0.010000 0.010000 0.511556 0.719321
0 0.722120 0.092120 0.010000 0.010000 0.722120 0.092120
0 0.121969 0.271547 0.010000 0.010000 0.121969 0.271547
0 0.521826 0.358665 0.010000 0.010000 0.521826 0.358665
0 0.920408 0.538416 0.010000 0.010000 0.920408 0.538416
0 0.228446 0.097974 0.010000 0.010000 0.228446 0.097974
0 0.527070 0.450160 0.010000 0.010000 0.527070 0.450160
0 0.734439 0.095280 0.010000 0.010000 0.734439 0.095280
0 0.232242 0.361679 0.010000 0.010000 0.232242 0.361679
0 0.234777 0.714928 0.010000 0.010000 0.234777 0.714928
0 0.433033 0.715315 0.010000 0.010000 0.433033 0.715315
0 0.439887 0.181072 0.010000 0.010000 0.439887 0.181072
0 0.442411 0.271361 0.010000 0.010000 0.442411 0.271361
0 0.746606 0.095719 0.010000 0.010000 0.746606 0.095719
0 0.746579 0.361387 0.010000 0.010000 0.746579 0.361387
0 0.147394 0.450886 0.010000 0.010000 0.147394 0.450886
0 0.545855 0.448507 0.010000 0.010000 0.545855 0.448507
0 0.444918 0.540451 0.010000 0.010000 0.444918 0.540451
0 0.553544 0.092397 0.010000 0.010000 0.553544 0.092397
0 0.652903 0.097436 0.010000 0.010000 0.652903 0.097436
0 0.452303 0.720687 0.010000 0.010000 0.452303 0.720687
0 0.451802 0.896601 0.010000 0.010000 0.451802 0.896601
0 0.660594 0.185574 0.010000 0.010000 0.660594 0.185574
0 0.859072 0.182472 0.010000 0.010000 0.859072 0.182472
0 0.656571 0.455446 0.010000 0.010000 0.656571 0.455446
0 0.160624 0.626656 0.010000 0.010000 0.160624 0.626656
0 0.559232 0.806919 0.010000 0.010000 0.559232 0.806919
0 0.164798 0.271306 0.010000 0.010000 0.164798 0.271306
0 0.663586 0.272427 0.010000 0.010000 0.663586 0.272427
0 0.064076 0.541592 0.010000 0.010000 0.064076 0.541592
0 0.264479 0.633240 0.010000 0.010000 0.264479 0.633240
0 0.367407 0.632505 0.010000 0.010000 0.367407 0.632505
0 0.866368 0.628191 0.010000 0.010000 0.866368 0.628191
0 0.864768 0.806676 0.010000 0.010000 0.864768 0.806676
0 0.771772 0.364402 0.010000 0.010000 0.771772 0.364402
0 0.070375 0.450507 0.010000 0.010000 0.070375 0.450507
0 0.071575 0.626686 0.010000 0.010000 0.071575 0.626686
0 0.870967 0.627317 0.010000 0.010000 0.870967 0.627317
0 0.168775 0.717520 0.010000 0.010000 0.168775 0.717520
0 0.268845 0.723651 0.010000 0.010000 0.268845 0.723651
0 0.378304 0.093415 0.010000 0.010000 0.378304 0.093415
0 0.379655 0.268842 0.010000 0.010000 0.379655 0.268842
0 0.077032 0.366863 0.010000 0.010000 0.077032 0.366863
0 0.280672 0.450687 0.010000 0.010000 0.280672 0.450687
0 0.877398 0.538849 0.010000 0.010000 0.877398 0.538849
0 0.378722 0.808795 0.010000 0.010000 0.378722 0.808795
0 0.283069 0.185228 0.010000 0.010000 0.283069 0.185228
0 0.384924 0.177995 0.010000 0.010000 0.384924 0.177995
0 0.584258 0.181308 0.010000 0.010000 0.584258 0.181308
0 0.683670 0.271979 0.010000 0.010000 0.683670 0.271979
0 0.984648 0.271168 0.010000 0.010000 0.984648 0.271168
0 0.181827 0.630939 0.010000 0.010000 0.181827 0.630939
0 0.683676 0.630449 0.010000 0.010000 0.683676 0.630449
0 0.483836 0.716082 0.010000 0.010000 0.483836 0.716082
0 0.283366 0.808598 0.010000 0.010000 0.283366 0.808598
0 0.284765 0.897969 0.010000 0.010000 0.284765 0.897969
0 0.189301 0.274035 0.010000 0.010000 0.189301 0.274035
0 0.390622 0.274776 0.010000 0.010000 0.390622 0.274776
0 0.890478 0.360812 0.010000 0.010000 0.890478 0.360812
0 0.196489 0.183404 0.010000 0.010000 0.196489 0.183404
0 0.096257 0.362494 0.010000 0.010000 0.096257 0.362494
0 0.096319 0.451485 0.010000 0.010000 0.096319 0.451485
0 0.896549 0.449645 0.010000 0.010000 0.896549 0.449645
0 0.896484 0.717566 0.010000 0.010000 0.896484 0.717566
0 0.102336 0.194534 0.010000 0.010000 0.102336 0.194534
0 0.803813 0.278161 0.010000 0.010000 0.803813 0.278161
0 0.402020 0.371649 0.010000 0.010000 0.402020 0.371649
0 0.903325 0.370538 0.010000 0.010000 0.903325 0.370538
0 0.902809 0.547297 0.010000 0.010000 0.902809 0.547297
0 0.302040 0.726789 0.010000 0.010000 0.302040 0.726789
0 0.203056 0.817501 0.010000 0.010000 0.203056 0.817501
0 0.603769 0.827930 0.010000 0.010000 0.603769 0.827930
0 0.109092 0.108325 0.010000 0.010000 0.109092 0.108325
0 0.507389 0.192944 0.010000 0.010000 0.507389 0.192944
0 0.608773 0.195871 0.010000 0.010000 0.608773 0.195871
0 0.408365 0.285796 0.010000 0.010000 0.408365 0.285796
0 0.611596 0.369465 0.010000 0.010000 0.611596 0.369465
0 0.907650 0.462770 0.010000 0.010000 0.907650 0.462770
0 0.210440 0.552109 0.010000 0.010000 0.210440 0.552109
0 0.205948 0.634681 0.010000 0.010000 0.205948 0.634681
0 0.414976 0.107484 0.010000 0.010000 0.414976 0.107484
0 0.215957 0.194500 0.010000 0.010000 0.215957 0.194500
0 0.114948 0.550111 0.010000 0.010000 0.114948 0.550111
0 0.620338 0.193440 0.010000 0.010000 0.620338 0.193440
0 0.121488 0.462315 0.010000 0.010000 0.121488 0.462315
0 0.920734 0.465912 0.010000 0.010000 0.920734 0.465912
0 0.325401 0.104629 0.010000 0.010000 0.325401 0.104629
0 0.526046 0.195631 0.010000 0.010000 0.526046 0.195631
0 0.629075 0.284958 0.010000 0.010000 0.629075 0.284958
0 0.827475 0.459229 0.010000 0.010000 0.827475 0.459229
0 0.127986 0.552829 0.010000 0.010000 0.127986 0.552829
0 0.428166 0.552246 0.010000 0.010000 0.428166 0.552246
0 0.332320 0.191496 0.010000 0.010000 0.332320 0.191496
0 0.832936 0.192551 0.010000 0.010000 0.832936 0.192551
0 0.234981 0.909832 0.010000 0.010000 0.234981 0.909832
0 0.240966 0.106319 0.010000 0.010000 0.240966 0.106319
0 0.539903 0.108141 0.010000 0.010000 0.539903 0.108141
0 0.238177 0.192319 0.010000 0.010000 0.238177 0.192319
0 0.642456 0.368571 0.010000 0.010000 0.642456 0.368571
0 0.839184 0.459986 0.010000 0.010000 0.839184 0.459986
0 0.139835 0.638590 0.010000 0.010000 0.139835 0.638590
0 0.340136 0.638415 0.010000 0.010000 0.340136 0.638415
0 0.346867 0.104828 0.010000 0.010000 0.346867 0.104828
0 0.646708 0.195062 0.010000 0.010000 0.646708 0.195062
0 0.146973 0.284047 0.010000 0.010000 0.146973 0.284047
0 0.745983 0.284984 0.010000 0.010000 0.745983 0.284984
0 0.644360 0.372643 0.010000 0.010000 0.644360 0.372643
0 0.444353 0.546355 0.010000 0.010000 0.444353 0.546355
0 0.646028 0.725449 0.010000 0.010000 0.646028 0.725449
0 0.653881 0.458731 0.010000 0.010000 0.653881 0.458731
0 0.551368 0.551536 0.010000 0.010000 0.551368 0.551536
0 0.850540 0.552378 0.010000 0.010000 0.850540 0.552378
0 0.053531 0.733579 0.010000 0.010000 0.053531 0.733579
0 0.254899 0.725676 0.010000 0.010000 0.254899 0.725676
0 0.459126 0.104067 0.010000 0.010000 0.459126 0.104067
0 0.257795 0.193262 0.010000 0.010000 0.257795 0.193262
0 0.658354 0.458065 0.010000 0.010000 0.658354 0.458065
0 0.458291 0.905588 0.010000 0.010000 0.458291 0.905588
0 0.765978 0.103843 0.010000 0.010000 0.765978 0.103843
0 0.463367 0.193341 0.010000 0.010000 0.463367 0.193341
0 0.065671 0.461665 0.010000 0.010000 0.065671 0.461665
0 0.065913 0.635912 0.010000 0.010000 0.065913 0.635912
0 0.867034 0.730141 0.010000 0.010000 0.867034 0.730141
0 0.365410 0.819426 0.010000 0.010000 0.365410 0.819426
0 0.272240 0.104157 0.010000 0.010000 0.272240 0.104157
0 0.570659 0.195666 0.010000 0.010000 0.570659 0.195666
0 0.872635 0.193359 0.010000 0.010000 0.872635 0.193359
0 0.972308 0.284042 0.010000 0.010000 0.972308 0.284042
0 0.478590 0.104305 0.010000 0.010000 0.478590 0.104305
0 0.780407 0.106229 0.010000 0.010000 0.780407 0.106229
0 0.676356 0.287064 0.010000 0.010000 0.676356 0.287064
0 0.876279 0.370798 0.010000 0.010000 0.876279 0.370798
0 0.587563 0.106402 0.010000 0.010000 0.587563 0.106402
0 0.083534 0.460550 0.010000 0.010000 0.083534 0.460550
0 0.382544 0.818260 0.010000 0.010000 0.382544 0.818260
0 0.584497 0.818951 0.010000 0.010000 0.584497 0.818951
0 0.490511 0.191123 0.010000 0.010000 0.490511 0.191123
0 0.189686 0.548425 0.010000 0.010000 0.189686 0.548425
0 0.589272 0.816913 0.010000 0.010000 0.589272 0.816913
0 0.695581 0.283570 0.010000 0.010000 0.695581 0.283570
0 0.096829 0.727025 0.010000 0.010000 0.096829 0.727025
0 0.301310 0.112595 0.010000 0.010000 0.301310 0.112595
0 0.202337 0.202637 0.010000 0.010000 0.202337 0.202637
0 0.407222 0.201276 0.010000 0.010000 0.407222 0.201276
0 0.608630 0.295551 0.010000 0.010000 0.608630 0.295551
0 0.814870 0.119516 0.010000 0.010000 0.814870 0.119516
0 0.515142 0.473718 0.010000 0.010000 0.515142 0.473718
0 0.914821 0.561148 0.010000 0.010000 0.914821 0.561148
0 0.314400 0.738240 0.010000 0.010000 0.314400 0.738240
0 0.520734 0.118279 0.010000 0.010000 0.520734 0.118279
0 0.122111 0.203772 0.010000 0.010000 0.122111 0.203772
0 0.519360 0.300503 0.010000 0.010000 0.519360 0.300503
0 0.820607 0.384060 0.010000 0.010000 0.820607 0.384060
0 0.421228 0.739155 0.010000 0.010000 0.421228 0.739155
0 0.322691 0.826586 0.010000 0.010000 0.322691 0.826586
0 0.427786 0.205253 0.010000 0.010000 0.427786 0.205253
0 0.828937 0.294955 0.010000 0.010000 0.828937 0.294955
0 0.227636 0.381760 0.010000 0.010000 0.227636 0.381760
0 0.729101 0.475035 0.010000 0.010000 0.729101 0.475035
0 0.126398 0.556241 0.010000 0.010000 0.126398 0.556241
0 0.528292 0.561829 0.010000 0.010000 0.528292 0.561829
0 0.428219 0.740538 0.010000 0.010000 0.428219 0.740538
0 0.529744 0.737787 0.010000 0.010000 0.529744 0.737787
0 0.928343 0.736492 0.010000 0.010000 0.928343 0.736492
0 0.427081 0.832705 0.010000 0.010000 0.427081 0.832705
0 0.833307 0.203695 0.010000 0.010000 0.833307 0.203695
0 0.133094 0.295763 0.010000 0.010000 0.133094 0.295763
0 0.734599 0.387085 0.010000 0.010000 0.734599 0.387085
0 0.334214 0.738097 0.010000 0.010000 0.334214 0.738097
0 0.931760 0.739210 0.010000 0.010000 0.931760 0.739210
0 0.534049 0.829416 0.010000 0.010000 0.534049 0.829416
0 0.341680 0.114512 0.010000 0.010000 0.341680 0.114512
0 0.140242 0.205490 0.010000 0.010000 0.140242 0.205490
0 0.541473 0.472234 0.010000 0.010000 0.541473 0.472234
0 0.546399 0.208234 0.010000 0.010000 0.546399 0.208234
0 0.846299 0.294332 0.010000 0.010000 0.846299 0.294332
0 0.148811 0.384565 0.010000 0.010000 0.148811 0.384565
0 0.546606 0.385085 0.010000 0.010000 0.546606 0.385085
0 0.847869 0.382847 0.010000 0.010000 0.847869 0.382847
0 0.547254 0.737350 0.010000 0.010000 0.547254 0.737350
0 0.753423 0.295186 0.010000 0.010000 0.753423 0.295186
0 0.254395 0.650399 0.010000 0.010000 0.254395 0.650399
0 0.352825 0.739934 0.010000 0.010000 0.352825 0.739934
0 0.756805 0.295276 0.010000 0.010000 0.756805 0.295276
0 0.159002 0.559085 0.010000 0.010000 0.159002 0.559085
0 0.259038 0.647740 0.010000 0.010000 0.259038 0.647740
0 0.265144 0.117990 0.010000 0.010000 0.265144 0.117990
0 0.867715 0.559229 0.010000 0.010000 0.867715 0.559229
0 0.165007 0.651260 0.010000 0.010000 0.165007 0.651260
0 0.667902 0.738423 0.010000 0.010000 0.667902 0.738423
0 0.867975 0.738487 0.010000 0.010000 0.867975 0.738487
0 0.171937 0.204825 0.010000 0.010000 0.171937 0.204825
0 0.770971 0.292453 0.010000 0.010000 0.770971 0.292453
0 0.671297 0.473012 0.010000 0.010000 0.671297 0.473012
0 0.871727 0.559767 0.010000 0.010000 0.871727 0.559767
0 0.870696 0.650912 0.010000 0.010000 0.870696 0.650912
0 0.377571 0.565182 0.010000 0.010000 0.377571 0.565182
0 0.477751 0.917734 0.010000 0.010000 0.477751 0.917734
0 0.484659 0.111986 0.010000 0.010000 0.484659 0.111986
0 0.685421 0.206383 0.010000 0.010000 0.685421 0.206383
0 0.883890 0.206236 0.010000 0.010000 0.883890 0.206236
0 0.884765 0.382639 0.010000 0.010000 0.884765 0.382639
0 0.885782 0.738579 0.010000 0.010000 0.885782 0.738579
0 0.584669 0.823236 0.010000 0.010000 0.584669 0.823236
0 0.689157 0.206693 0.010000 0.010000 0.689157 0.206693
0 0.189000 0.292426 0.010000 0.010000 0.189000 0.292426
0 0.889758 0.384174 0.010000 0.010000 0.889758 0.384174
0 0.488578 0.917415 0.010000 0.010000 0.488578 0.917415
0 0.298014 0.298595 0.010000 0.010000 0.298014 0.298595
0 0.094618 0.565066 0.010000 0.010000 0.094618 0.565066
0 0.396929 0.741903 0.010000 0.010000 0.396929 0.741903
0 0.298151 0.827304 0.010000 0.010000 0.298151 0.827304
0 0.799997 0.305565 0.010000 0.010000 0.799997 0.305565
0 0.901739 0.305847 0.010000 0.010000 0.901739 0.305847
0 0.102390 0.485658 0.010000 0.010000 0.102390 0.485658
0 0.901858 0.482496 0.010000 0.010000 0.901858 0.482496
0 0.501923 0.840759 0.010000 0.010000 0.501923 0.840759
0 0.409182 0.395545 0.010000 0.010000 0.409182 0.395545
0 0.909608 0.568500 0.010000 0.010000 0.909608 0.568500
0 0.510252 0.931344 0.010000 0.010000 0.510252 0.931344
0 0.215226 0.128223 0.010000 0.010000 0.215226 0.128223
0 0.616045 0.128616 0.010000 0.010000 0.616045 0.128616
0 0.314542 0.485543 0.010000 0.010000 0.314542 0.485543
0 0.916815 0.838011 0.010000 0.010000 0.916815 0.838011
0 0.313884 0.924265 0.010000 0.010000 0.313884 0.924265
0 0.619235 0.128542 0.010000 0.010000 0.619235 0.128542
0 0.219793 0.215172 0.010000 0.010000 0.219793 0.215172
0 0.518674 0.222012 0.010000 0.010000 0.518674 0.222012
0 0.722453 0.305604 0.010000 0.010000 0.722453 0.305604
0 0.621063 0.393182 0.010000 0.010000 0.621063 0.393182
0 0.122030 0.483066 0.010000 0.010000 0.122030 0.483066
0 0.220937 0.485896 0.010000 0.010000 0.220937 0.485896
0 0.220973 0.660680 0.010000 0.010000 0.220973 0.660680
0 0.427100 0.746636 0.010000 0.010000 0.427100 0.746636
0 0.228696 0.842518 0.010000 0.010000 0.228696 0.842518
0 0.427951 0.835438 0.010000 0.010000 0.427951 0.835438
0 0.634900 0.124258 0.010000 0.010000 0.634900 0.124258
0 0.632683 0.308422 0.010000 0.010000 0.632683 0.308422
0 0.834089 0.570807 0.010000 0.010000 0.834089 0.570807
0 0.841299 0.128429 0.010000 0.010000 0.841299 0.128429
0 0.240205 0.572693 0.010000 0.010000 0.240205 0.572693
0 0.140946 0.928222 0.010000 0.010000 0.140946 0.928222
0 0.546195 0.214120 0.010000 0.010000 0.546195 0.214120
0 0.649217 0.396193 0.010000 0.010000 0.649217 0.396193
0 0.753200 0.127020 0.010000 0.010000 0.753200 0.127020
0 0.153014 0.218832 0.010000 0.010000 0.153014 0.218832
0 0.353409 0.212426 0.010000 0.010000 0.353409 0.212426
0 0.153822 0.306399 0.010000 0.010000 0.153822 0.306399
0 0.752980 0.303546 0.010000 0.010000 0.752980 0.303546
0 0.152747 0.393013 0.010000 0.010000 0.152747 0.393013
0 0.852494 0.397198 0.010000 0.010000 0.852494 0.397198
0 0.653218 0.485215 0.010000 0.010000 0.653218 0.485215
0 0.553222 0.837661 0.010000 0.010000 0.553222 0.837661
0 0.252804 0.930252 0.010000 0.010000 0.252804 0.930252
0 0.557445 0.127569 0.010000 0.010000 0.557445 0.127569
0 0.157446 0.307657 0.010000 0.010000 0.157446 0.307657
0 0.359543 0.841740 0.010000 0.010000 0.359543 0.841740
0 0.268188 0.216670 0.010000 0.010000 0.268188 0.216670
0 0.066050 0.663237 0.010000 0.010000 0.066050 0.663237
0 0.365889 0.930427 0.010000 0.010000 0.365889 0.930427
0 0.270948 0.215401 0.010000 0.010000 0.270948 0.215401
0 0.673159 0.217986 0.010000 0.010000 0.673159 0.217986
0 0.871273 0.749391 0.010000 0.010000 0.871273 0.749391
0 0.477901 0.216889 0.010000 0.010000 0.477901 0.216889
0 0.676947 0.307370 0.010000 0.010000 0.676947 0.307370
0 0.278523 0.750208 0.010000 0.010000 0.278523 0.750208
0 0.381688 0.396253 0.010000 0.010000 0.381688 0.396253
0 0.283393 0.481212 0.010000 0.010000 0.283393 0.481212
0 0.484803 0.664690 0.010000 0.010000 0.484803 0.664690
0 0.283174 0.842566 0.010000 0.010000 0.283174 0.842566
0 0.481749 0.839164 0.010000 0.010000 0.481749 0.839164
0 0.191424 0.214828 0.010000 0.010000 0.191424 0.214828
0 0.489489 0.216826 0.010000 0.010000 0.489489 0.216826
0 0.889271 0.216268 0.010000 0.010000 0.889271 0.216268
0 0.590542 0.310997 0.010000 0.010000 0.590542 0.310997
0 0.089825 0.750801 0.010000 0.010000 0.089825 0.750801
0 0.291382 0.930835 0.010000 0.010000 0.291382 0.930835
0 0.496456 0.129346 0.010000 0.010000 0.496456 0.129346
0 0.596515 0.126064 0.010000 0.010000 0.596515 0.126064
0 0.798464 0.306194 0.010000 0.010000 0.798464 0.306194
0 0.895979 0.392838 0.010000 0.010000 0.895979 0.392838
0 0.103079 0.227419 0.010000 0.010000 0.103079 0.227419
0 0.901593 0.316666 0.010000 0.010000 0.901593 0.316666
0 0.202984 0.587099 0.010000 0.010000 0.202984 0.587099
0 0.201775 0.671654 0.010000 0.010000 0.201775 0.671654
0 0.301581 0.759957 0.010000 0.010000 0.301581 0.759957
0 0.603981 0.762779 0.010000 0.010000 0.603981 0.762779
0 0.901831 0.759523 0.010000 0.010000 0.901831 0.759523
0 0.409917 0.139943 0.010000 0.010000 0.409917 0.139943
0 0.210110 0.229161 0.010000 0.010000 0.210110 0.229161
0 0.606256 0.318708 0.010000 0.010000 0.606256 0.318708
0 0.808259 0.316905 0.010000 0.010000 0.808259 0.316905
0 0.409654 0.939589 0.010000 0.010000 0.409654 0.939589
0 0.316161 0.052885 0.010000 0.010000 0.316161 0.052885
0 0.313824 0.137030 0.010000 0.010000 0.313824 0.137030
0 0.515810 0.224706 0.010000 0.010000 0.515810 0.224706
0 0.614111 0.225009 0.010000 0.010000 0.614111 0.225009
0 0.216869 0.407032 0.010000 0.010000 0.216869 0.407032
0 0.914580 0.403118 0.010000 0.010000 0.914580 0.403118
0 0.515383 0.852737 0.010000 0.010000 0.515383 0.852737
0 0.722487 0.141956 0.010000 0.010000 0.722487 0.141956
0 0.120461 0.407745 0.010000 0.010000 0.120461 0.407745
0 0.821598 0.400524 0.010000 0.010000 0.821598 0.400524
0 0.921975 0.758078 0.010000 0.010000 0.921975 0.758078
0 0.427084 0.223190 0.010000 0.010000 0.427084 0.223190
0 0.726468 0.227090 0.010000 0.010000 0.726468 0.227090
0 0.124540 0.583783 0.010000 0.010000 0.124540 0.583783
0 0.927306 0.584536 0.010000 0.010000 0.927306 0.584536
0 0.328004 0.671968 0.010000 0.010000 0.328004 0.671968
0 0.529920 0.672997 0.010000 0.010000 0.529920 0.672997
0 0.328813 0.760085 0.010000 0.010000 0.328813 0.760085
0 0.527091 0.762336 0.010000 0.010000 0.527091 0.762336
0 0.325621 0.942536 0.010000 0.010000 0.325621 0.942536
0 0.434338 0.140619 0.010000 0.010000 0.434338 0.140619
0 0.633760 0.229517 0.010000 0.010000 0.633760 0.229517
0 0.833059 0.227513 0.010000 0.010000 0.833059 0.227513
0 0.931680 0.765295 0.010000 0.010000 0.931680 0.765295
0 0.339629 0.139885 0.010000 0.010000 0.339629 0.139885
0 0.540587 0.139990 0.010000 0.010000 0.540587 0.139990
0 0.639904 0.316373 0.010000 0.010000 0.639904 0.316373
0 0.640527 0.495807 0.010000 0.010000 0.640527 0.495807
0 0.242607 0.674088 0.010000 0.010000 0.242607 0.674088
0 0.640812 0.677205 0.010000 0.010000 0.640812 0.677205
0 0.746222 0.317913 0.010000 0.010000 0.746222 0.317913
0 0.145996 0.495975 0.010000 0.010000 0.145996 0.495975
0 0.146674 0.585738 0.010000 0.010000 0.146674 0.585738
0 0.242994 0.674440 0.010000 0.010000 0.242994 0.674440
0 0.245640 0.850512 0.010000 0.010000 0.245640 0.850512
0 0.447596 0.939395 0.010000 0.010000 0.447596 0.939395
0 0.251716 0.138425 0.010000 0.010000 0.251716 0.138425
0 0.453734 0.139616 0.010000 0.010000 0.453734 0.139616
0 0.751923 0.226280 0.010000 0.010000 0.751923 0.226280
0 0.853409 0.400781 0.010000 0.010000 0.853409 0.400781
0 0.358332 0.139430 0.010000 0.010000 0.358332 0.139430
0 0.160915 0.496269 0.010000 0.010000 0.160915 0.496269
0 0.165742 0.231230 0.010000 0.010000 0.165742 0.231230
0 0.764170 0.228203 0.010000 0.010000 0.764170 0.228203
0 0.066415 0.408235 0.010000 0.010000 0.066415 0.408235
0 0.564147 0.407759 0.010000 0.010000 0.564147 0.407759
0 0.161274 0.494736 0.010000 0.010000 0.161274 0.494736
0 0.472049 0.049581 0.010000 0.010000 0.472049 0.049581
0 0.172840 0.319064 0.010000 0.010000 0.172840 0.319064
0 0.673643 0.409628 0.010000 0.010000 0.673643 0.409628
0 0.771426 0.405609 0.010000 0.010000 0.771426 0.405609
0 0.071571 0.498871 0.010000 0.010000 0.071571 0.498871
0 0.171914 0.938784 0.010000 0.010000 0.171914 0.938784
0 0.578410 0.139129 0.010000 0.010000 0.578410 0.139129
0 0.177349 0.228952 0.010000 0.010000 0.177349 0.228952
0 0.878505 0.319396 0.010000 0.010000 0.878505 0.319396
0 0.877698 0.582443 0.010000 0.010000 0.877698 0.582443
0 0.376846 0.668983 0.010000 0.010000 0.376846 0.668983
0 0.377541 0.851845 0.010000 0.010000 0.377541 0.851845
0 0.580051 0.848581 0.010000 0.010000 0.580051 0.848581
0 0.382593 0.051125 0.010000 0.010000 0.382593 0.051125
0 0.483618 0.050699 0.010000 0.010000 0.483618 0.050699
0 0.484807 0.669673 0.010000 0.010000 0.484807 0.669673
0 0.580550 0.848798 0.010000 0.010000 0.580550 0.848798
0 0.488293 0.053324 0.010000 0.010000 0.488293 0.053324
0 0.290683 0.236996 0.010000 0.010000 0.290683 0.236996
0 0.791452 0.228095 0.010000 0.010000 0.791452 0.228095
0 0.390116 0.316297 0.010000 0.010000 0.390116 0.316297
0 0.890777 0.316953 0.010000 0.010000 0.890777 0.316953
0 0.089535 0.853858 0.010000 0.010000 0.089535 0.853858
0 0.296663 0.052008 0.010000 0.010000 0.296663 0.052008
0 0.396802 0.051475 0.010000 0.010000 0.396802 0.051475
0 0.498875 0.135027 0.010000 0.010000 0.498875 0.135027
0 0.396929 0.761144 0.010000 0.010000 0.396929 0.761144
0 0.197532 0.849362 0.010000 0.010000 0.197532 0.849362
0 0.496438 0.850851 0.010000 0.010000 0.496438 0.850851
0 0.296852 0.937378 0.010000 0.010000 0.296852 0.937378
0 0.605251 0.235386 0.010000 0.010000 0.605251 0.235386
0 0.101046 0.597762 0.010000 0.010000 0.101046 0.597762
0 0.510045 0.063702 0.010000 0.010000 0.510045 0.063702
0 0.408088 0.325855 0.010000 0.010000 0.408088 0.325855
0 0.109495 0.507287 0.010000 0.010000 0.109495 0.507287
0 0.209532 0.507907 0.010000 0.010000 0.209532 0.507907
0 0.910425 0.592499 0.010000 0.010000 0.910425 0.592499
0 0.708751 0.687708 0.010000 0.010000 0.708751 0.687708
0 0.216268 0.148318 0.010000 0.010000 0.216268 0.148318
0 0.614656 0.150453 0.010000 0.010000 0.614656 0.150453
0 0.214574 0.239643 0.010000 0.010000 0.214574 0.239643
0 0.216337 0.596384 0.010000 0.010000 0.216337 0.596384
0 0.115967 0.683077 0.010000 0.010000 0.115967 0.683077
0 0.216427 0.682437 0.010000 0.010000 0.216427 0.682437
0 0.120586 0.332678 0.010000 0.010000 0.120586 0.332678
0 0.821519 0.326982 0.010000 0.010000 0.821519 0.326982
0 0.921603 0.593525 0.010000 0.010000 0.921603 0.593525
0 0.325058 0.059385 0.010000 0.010000 0.325058 0.059385
0 0.526557 0.060338 0.010000 0.010000 0.526557 0.060338
0 0.927817 0.768466 0.010000 0.010000 0.927817 0.768466
0 0.428304 0.951602 0.010000 0.010000 0.428304 0.951602
0 0.433601 0.059707 0.010000 0.010000 0.433601 0.059707
0 0.234401 0.146597 0.010000 0.010000 0.234401 0.146597
0 0.333361 0.248581 0.010000 0.010000 0.333361 0.248581
0 0.534282 0.236740 0.010000 0.010000 0.534282 0.236740
0 0.134583 0.328152 0.010000 0.010000 0.134583 0.328152
0 0.836164 0.595506 0.010000 0.010000 0.836164 0.595506
0 0.134530 0.684859 0.010000 0.010000 0.134530 0.684859
0 0.439886 0.238542 0.010000 0.010000 0.439886 0.238542
0 0.242420 0.416970 0.010000 0.010000 0.242420 0.416970
0 0.341870 0.424750 0.010000 0.010000 0.341870 0.424750
0 0.838163 0.418106 0.010000 0.010000 0.838163 0.418106
0 0.438052 0.860727 0.010000 0.010000 0.438052 0.860727
0 0.346065 0.056872 0.010000 0.010000 0.346065 0.056872
0 0.247676 0.236882 0.010000 0.010000 0.247676 0.236882
0 0.844931 0.239342 0.010000 0.010000 0.844931 0.239342
0 0.346446 0.949784 0.010000 0.010000 0.346446 0.949784
0 0.252115 0.772214 0.010000 0.010000 0.252115 0.772214
0 0.456941 0.236614 0.010000 0.010000 0.456941 0.236614
0 0.158968 0.418576 0.010000 0.010000 0.158968 0.418576
0 0.057933 0.596022 0.010000 0.010000 0.057933 0.596022
0 0.059649 0.773343 0.010000 0.010000 0.059649 0.773343
0 0.458197 0.773143 0.010000 0.010000 0.458197 0.773143
0 0.259147 0.862434 0.010000 0.010000 0.259147 0.862434
0 0.457854 0.858595 0.010000 0.010000 0.457854 0.858595
0 0.165565 0.150332 0.010000 0.010000 0.165565 0.150332
0 0.265771 0.147328 0.010000 0.010000 0.265771 0.147328
0 0.765768 0.148913 0.010000 0.010000 0.765768 0.148913
0 0.666560 0.236300 0.010000 0.010000 0.666560 0.236300
0 0.865218 0.325977 0.010000 0.010000 0.865218 0.325977
0 0.065981 0.415920 0.010000 0.010000 0.065981 0.415920
0 0.166243 0.774263 0.010000 0.010000 0.166243 0.774263
0 0.865212 0.777867 0.010000 0.010000 0.865212 0.777867
0 0.362467 0.860227 0.010000 0.010000 0.362467 0.860227
0 0.172198 0.325558 0.010000 0.010000 0.172198 0.325558
0 0.672271 0.331061 0.010000 0.010000 0.672271 0.331061
0 0.072186 0.503995 0.010000 0.010000 0.072186 0.503995
0 0.171785 0.864492 0.010000 0.010000 0.171785 0.864492
0 0.580488 0.239609 0.010000 0.010000 0.580488 0.239609
0 0.778961 0.240271 0.010000 0.010000 0.778961 0.240271
0 0.878641 0.326015 0.010000 0.010000 0.878641 0.326015
0 0.679013 0.504559 0.010000 0.010000 0.679013 0.504559
0 0.877603 0.506901 0.010000 0.010000 0.877603 0.506901
0 0.581806 0.238929 0.010000 0.010000 0.581806 0.238929
0 0.785161 0.323496 0.010000 0.010000 0.785161 0.323496
0 0.885560 0.414413 0.010000 0.010000 0.885560 0.414413
0 0.084362 0.681371 0.010000 0.010000 0.084362 0.681371
0 0.883315 0.772413 0.010000 0.010000 0.883315 0.772413
0 0.388474 0.151964 0.010000 0.010000 0.388474 0.151964
0 0.888686 0.414699 0.010000 0.010000 0.888686 0.414699
0 0.090078 0.596611 0.010000 0.010000 0.090078 0.596611
0 0.890635 0.593866 0.010000 0.010000 0.890635 0.593866
0 0.897015 0.327442 0.010000 0.010000 0.897015 0.327442
0 0.895982 0.504562 0.010000 0.010000 0.895982 0.504562
0 0.598215 0.770600 0.010000 0.010000 0.598215 0.770600
0 0.302832 0.071196 0.010000 0.010000 0.302832 0.071196
0 0.903880 0.428650 0.010000 0.010000 0.903880 0.428650
0 0.105247 0.514973 0.010000 0.010000 0.105247 0.514973
0 0.300105 0.695980 0.010000 0.010000 0.300105 0.695980
0 0.102122 0.873654 0.010000 0.010000 0.102122 0.873654
0 0.710021 0.161211 0.010000 0.010000 0.710021 0.161211
0 0.709357 0.247822 0.010000 0.010000 0.709357 0.247822
0 0.908695 0.428719 0.010000 0.010000 0.908695 0.428719
0 0.210507 0.782782 0.010000 0.010000 0.210507 0.782782
0 0.910541 0.782768 0.010000 0.010000 0.910541 0.782768
0 0.116204 0.337084 0.010000 0.010000 0.116204 0.337084
0 0.416713 0.699227 0.010000 0.010000 0.416713 0.699227
0 0.912994 0.782687 0.010000 0.010000 0.912994 0.782687
0 0.720025 0.336192 0.010000 0.010000 0.720025 0.336192
0 0.420617 0.871908 0.010000 0.010000 0.420617 0.871908
0 0.627250 0.250117 0.010000 0.010000 0.627250 0.250117
0 0.727145 0.247715 0.010000 0.010000 0.727145 0.247715
0 0.527258 0.337199 0.010000 0.010000 0.527258 0.337199
0 0.627569 0.337566 0.010000 0.010000 0.627569 0.337566
0 0.325945 0.782594 0.010000 0.010000 0.325945 0.782594
0 0.335547 0.246658 0.010000 0.010000 0.335547 0.246658
0 0.740093 0.249652 0.010000 0.010000 0.740093 0.249652
0 0.540655 0.338884 0.010000 0.010000 0.540655 0.338884
0 0.145710 0.341185 0.010000 0.010000 0.145710 0.341185
0 0.548712 0.516367 0.010000 0.010000 0.548712 0.516367
0 0.546021 0.784477 0.010000 0.010000 0.546021 0.784477
0 0.847209 0.783248 0.010000 0.010000 0.847209 0.783248
0 0.652129 0.161044 0.010000 0.010000 0.652129 0.161044
0 0.752108 0.159202 0.010000 0.010000 0.752108 0.159202
0 0.554613 0.430799 0.010000 0.010000 0.554613 0.430799
0 0.851903 0.784179 0.010000 0.010000 0.851903 0.784179
0 0.359987 0.251994 0.010000 0.010000 0.359987 0.251994
0 0.159669 0.341457 0.010000 0.010000 0.159669 0.341457
0 0.358641 0.332163 0.010000 0.010000 0.358641 0.332163
0 0.059251 0.516490 0.010000 0.010000 0.059251 0.516490
0 0.157037 0.695045 0.010000 0.010000 0.157037 0.695045
0 0.158137 0.878482 0.010000 0.010000 0.158137 0.878482
0 0.565483 0.161174 0.010000 0.010000 0.565483 0.161174
0 0.365585 0.693180 0.010000 0.010000 0.365585 0.693180
0 0.670487 0.159736 0.010000 0.010000 0.670487 0.159736
0 0.471563 0.250586 0.010000 0.010000 0.471563 0.250586
0 0.570687 0.430902 0.010000 0.010000 0.570687 0.430902
0 0.071815 0.605788 0.010000 0.010000 0.071815 0.605788
0 0.471418 0.784029 0.010000 0.010000 0.471418 0.784029
0 0.366836 0.964585 0.010000 0.010000 0.366836 0.964585
0 0.577577 0.074346 0.010000 0.010000 0.577577 0.074346
0 0.378559 0.782688 0.010000 0.010000 0.378559 0.782688
0 0.784433 0.248588 0.010000 0.010000 0.784433 0.248588
0 0.084606 0.339213 0.010000 0.010000 0.084606 0.339213
0 0.381483 0.698420 0.010000 0.010000 0.381483 0.698420
0 0.584329 0.692205 0.010000 0.010000 0.584329 0.692205
0 0.884950 0.693466 0.010000 0.010000 0.884950 0.693466
0 0.282166 0.783423 0.010000 0.010000 0.282166 0.783423
0 0.389712 0.071380 0.010000 0.010000 0.389712 0.071380
0 0.189882 0.162646 0.010000 0.010000 0.189882 0.162646
0 0.589764 0.338801 0.010000 0.010000 0.589764 0.338801
0 0.892499 0.518002 0.010000 0.010000 0.892499 0.518002
0 0.496202 0.161373 0.010000 0.010000 0.496202 0.161373
0 0.697042 0.249204 0.010000 0.010000 0.697042 0.249204
0 0.497117 0.959619 0.010000 0.010000 0.497117 0.959619
0 0.101144 0.171398 0.010000 0.010000 0.101144 0.171398
0 0.903855 0.615999 0.010000 0.010000 0.903855 0.615999
0 0.103301 0.704513 0.010000 0.010000 0.103301 0.704513
0 0.312076 0.261352 0.010000 0.010000 0.312076 0.261352
0 0.309774 0.616716 0.010000 0.010000 0.309774 0.616716
0 0.908471 0.616117 0.010000 0.010000 0.908471 0.616117
0 0.715644 0.085501 0.010000 0.010000 0.715644 0.085501
0 0.215276 0.170783 0.010000 0.010000 0.215276 0.170783
0 0.614799 0.173234 0.010000 0.010000 0.614799 0.173234
0 0.415585 0.259497 0.010000 0.010000 0.415585 0.259497
0 0.114742 0.439649 0.010000 0.010000 0.114742 0.439649
0 0.320418 0.171761 0.010000 0.010000 0.320418 0.171761
0 0.520104 0.173233 0.010000 0.010000 0.520104 0.173233
0 0.419936 0.351655 0.010000 0.010000 0.419936 0.351655
0 0.419893 0.705789 0.010000 0.010000 0.419893 0.705789
0 0.628096 0.085075 0.010000 0.010000 0.628096 0.085075
0 0.826429 0.259848 0.010000 0.010000 0.826429 0.259848
0 0.229119 0.348060 0.010000 0.010000 0.229119 0.348060
0 0.827018 0.349266 0.010000 0.010000 0.827018 0.349266
0 0.127330 0.528013 0.010000 0.010000 0.127330 0.528013
0 0.128380 0.706647 0.010000 0.010000 0.128380 0.706647
0 0.427531 0.796122 0.010000 0.010000 0.427531 0.796122
0 0.636560 0.441275 0.010000 0.010000 0.636560 0.441275
0 0.232408 0.622311 0.010000 0.010000 0.232408 0.622311
0 0.334154 0.971105 0.010000 0.010000 0.334154 0.971105
0 0.839940 0.169940 0.010000 0.010000 0.839940 0.169940
0 0.840160 0.261789 0.010000 0.010000 0.840160 0.261789
0 0.343397 0.706615 0.010000 0.010000 0.343397 0.706615
0 0.339887 0.798377 0.010000 0.010000 0.339887 0.798377
0 0.346455 0.170080 0.010000 0.010000 0.346455 0.170080
0 0.247943 0.882682 0.010000 0.010000 0.247943 0.882682
0 0.155145 0.259897 0.010000 0.010000 0.155145 0.259897
0 0.752162 0.261005 0.010000 0.010000 0.752162 0.261005
0 0.152512 0.794852 0.010000 0.010000 0.152512 0.794852
0 0.160057 0.172419 0.010000 0.010000 0.160057 0.172419
0 0.158360 0.261046 0.010000 0.010000 0.158360 0.261046
0 0.559051 0.256497 0.010000 0.010000 0.559051 0.256497
0 0.158561 0.347639 0.010000 0.010000 0.158561 0.347639
0 0.659475 0.348379 0.010000 0.010000 0.659475 0.348379
0 0.560208 0.438420 0.010000 0.010000 0.560208 0.438420
0 0.160798 0.529922 0.010000 0.010000 0.160798 0.529922
0 0.861572 0.529537 0.010000 0.010000 0.861572 0.529537
0 0.158785 0.880407 0.010000 0.010000 0.158785 0.880407
0 0.364722 0.081233 0.010000 0.010000 0.364722 0.081233
0 0.465668 0.082299 0.010000 0.010000 0.465668 0.082299
0 0.266754 0.171760 0.010000 0.010000 0.266754 0.171760
0 0.367602 0.171802 0.010000 0.010000 0.367602 0.171802
0 0.863020 0.351928 0.010000 0.010000 0.863020 0.351928
0 0.464263 0.530789 0.010000 0.010000 0.464263 0.530789
0 0.863802 0.527268 0.010000 0.010000 0.863802 0.527268
0 0.465723 0.706507 0.010000 0.010000 0.465723 0.706507
0 0.165606 0.797440 0.010000 0.010000 0.165606 0.797440
0 0.265388 0.884530 0.010000 0.010000 0.265388 0.884530
0 0.270252 0.082134 0.010000 0.010000 0.270252 0.082134
0 0.270590 0.169838 0.010000 0.010000 0.270590 0.169838
0 0.370248 0.172236 0.010000 0.010000 0.370248 0.172236
0 0.071006 0.885605 0.010000 0.010000 0.071006 0.885605
0 0.779407 0.259517 0.010000 0.010000 0.779407 0.259517
0 0.677358 0.353026 0.010000 0.010000 0.677358 0.353026
0 0.877849 0.349200 0.010000 0.010000 0.877849 0.349200
0 0.484992 0.082503 0.010000 0.010000 0.484992 0.082503
0 0.083138 0.439435 0.010000 0.010000 0.083138 0.439435
0 0.883858 0.437173 0.010000 0.010000 0.883858 0.437173
0 0.083900 0.528716 0.010000 0.010000 0.083900 0.528716
0 0.585000 0.793050 0.010000 0.010000 0.585000 0.793050
0 0.190213 0.086124 0.010000 0.010000 0.190213 0.086124
0 0.289829 0.085073 0.010000 0.010000 0.289829 0.085073
0 0.390042 0.355682 0.010000 0.010000 0.390042 0.355682
0 0.890840 0.348788 0.010000 0.010000 0.890840 0.348788
0 0.290408 0.526029 0.010000 0.010000 0.290408 0.526029
0 0.890465 0.525412 0.010000 0.010000 0.890465 0.525412
0 0.889489 0.614601 0.010000 0.010000 0.889489 0.614601
0 0.888918 0.793375 0.010000 0.010000 0.888918 0.793375
0 0.294456 0.084334 0.010000 0.010000 0.294456 0.084334
0 0.896253 0.260106 0.010000 0.010000 0.896253 0.260106
0 0.595797 0.348573 0.010000 0.010000 0.595797 0.348573
0 0.795210 0.351403 0.010000 0.010000 0.795210 0.351403
0 0.196859 0.703664 0.010000 0.010000 0.196859 0.703664
0 0.196919 0.794436 0.010000 0.010000 0.196919 0.794436
